QGC WPL 110
0 1 0 16 0 0 0 0 41.2756334 1.9842868 0.0 1
1 0 10 82 0 0 0 0 41.2756334 1.9842868 0.0 1
2 0 10 82 0 0 0 0 41.2756495 1.9844524 0.3 1
3 0 10 82 0 0 0 0 41.2755979 1.984633 0.6 1
4 0 10 82 0 0 0 0 41.2754627 1.9848288 0.95 1
5 0 10 82 0 0 0 0 41.2753299 1.9849387 1.2 1
6 0 10 82 0 0 0 0 41.2751512 1.9850206 1.51 1
7 0 10 82 0 0 0 0 41.2749755 1.9850371 1.81 1
8 0 10 82 0 0 0 0 41.2748492 1.984999 2.06 1
9 0 10 82 0 0 0 0 41.2747405 1.9848967 2.36 1
10 0 10 82 0 0 0 0 41.2746914 1.9847184 2.71 1
11 0 10 82 0 0 0 0 41.2747226 1.9845396 3.01 1
12 0 10 82 0 0 0 0 41.2748173 1.9843636 3.31 1
13 0 10 82 0 0 0 0 41.2750181 1.9841756 3.71 1
14 0 10 82 0 0 0 0 41.2751667 1.9841045 3.96 1
15 0 10 82 0 0 0 0 41.2753444 1.9840785 4.26 1
16 0 10 82 0 0 0 0 41.2755395 1.9841487 4.67 1
17 0 10 82 0 0 0 0 41.2756171 1.9842467 4.92 1
18 0 10 82 0 0 0 0 41.2756484 1.9844623 5.32 1
19 0 10 82 0 0 0 0 41.2756069 1.984613 5.57 1
20 0 10 82 0 0 0 0 41.2755011 1.9847856 5.87 1
21 0 10 82 0 0 0 0 41.2752912 1.9849621 6.27 1
22 0 10 82 0 0 0 0 41.2752017 1.9850041 6.42 1
23 0 10 82 0 0 0 0 41.2749941 1.9850387 6.77 1
24 0 10 82 0 0 0 0 41.2748418 1.9849949 7.07 1
25 0 10 82 0 0 0 0 41.2747362 1.9848895 7.37 1
26 0 10 82 0 0 0 0 41.2746925 1.9846797 7.78 1
27 0 10 82 0 0 0 0 41.2747263 1.9845295 8.03 1
28 0 10 82 0 0 0 0 41.2748242 1.9843544 8.33 1
29 0 10 82 0 0 0 0 41.2749991 1.9841881 8.68 1
30 0 10 82 0 0 0 0 41.2751768 1.9841013 8.98 1
31 0 10 82 0 0 0 0 41.2754083 1.9840868 9.38 1
32 0 10 82 0 0 0 0 41.2755262 1.9841385 9.63 1
33 0 10 82 0 0 0 0 41.2756207 1.9842545 9.93 1
34 0 10 82 0 0 0 0 41.2756518 1.9844134 10.23 1
35 0 10 82 0 0 0 0 41.2756025 1.984623 10.59 1
36 0 10 82 0 0 0 0 41.2755359 1.9847399 10.79 1
37 0 10 82 0 0 0 0 41.2753674 1.9849127 11.14 1
38 0 10 82 0 0 0 0 41.2751916 1.9850078 11.44 1
39 0 10 82 0 0 0 0 41.275013 1.9850394 11.74 1
40 0 10 82 0 0 0 0 41.2748137 1.9849764 12.14 1
41 0 10 82 0 0 0 0 41.274732 1.9848821 12.39 1
42 0 10 82 0 0 0 0 41.2746915 1.9846992 12.74 1
43 0 10 82 0 0 0 0 41.2747302 1.9845195 13.04 1
44 0 10 82 0 0 0 0 41.2748765 1.9842928 13.44 1
45 0 10 82 0 0 0 0 41.2750086 1.9841818 13.7 1
46 0 10 82 0 0 0 0 41.2752171 1.9840905 14.05 1
47 0 10 82 0 0 0 0 41.2753631 1.9840798 14.3 1
48 0 10 82 0 0 0 0 41.2755329 1.9841435 14.65 1
49 0 10 82 0 0 0 0 41.2756004 1.9842171 14.85 1
49 0 10 16 0 0 0 0 41.275451 1.9842003 0 1
50 0 10 16 0 0 0 0 41.2747929 1.9844913 0 1
51 0 10 16 0 0 0 0 41.2748947 1.9849165 0 1
52 0 10 16 0 0 0 0 41.2755478 1.9846268 0 1
